{
 "cells": [
  {
   "cell_type": "code",
   "execution_count": 1,
   "metadata": {
    "collapsed": true
   },
   "outputs": [],
   "source": [
    "import pandas as pd\n",
    "import numpy as np\n",
    "from sklearn.linear_model import LinearRegression\n",
    "import statsmodels.formula.api as smf"
   ]
  },
  {
   "cell_type": "code",
   "execution_count": 2,
   "metadata": {
    "collapsed": true
   },
   "outputs": [],
   "source": [
    "url = \"https://raw.githubusercontent.com/ga-students/DS-SF-24/master/Data/ozone.csv\"\n",
    "OzoneData = pd.read_csv(url)"
   ]
  },
  {
   "cell_type": "markdown",
   "metadata": {},
   "source": [
    "Explore the dataset and decide which variables suffer from missing data"
   ]
  },
  {
   "cell_type": "code",
   "execution_count": 3,
   "metadata": {
    "collapsed": false
   },
   "outputs": [
    {
     "data": {
      "text/plain": [
       "153"
      ]
     },
     "execution_count": 3,
     "metadata": {},
     "output_type": "execute_result"
    }
   ],
   "source": [
    "len(OzoneData)"
   ]
  },
  {
   "cell_type": "code",
   "execution_count": 4,
   "metadata": {
    "collapsed": false,
    "scrolled": true
   },
   "outputs": [
    {
     "name": "stderr",
     "output_type": "stream",
     "text": [
      "C:\\Users\\Allison\\Anaconda2\\lib\\site-packages\\numpy\\lib\\function_base.py:3823: RuntimeWarning: Invalid value encountered in percentile\n",
      "  RuntimeWarning)\n"
     ]
    },
    {
     "data": {
      "text/html": [
       "<div>\n",
       "<table border=\"1\" class=\"dataframe\">\n",
       "  <thead>\n",
       "    <tr style=\"text-align: right;\">\n",
       "      <th></th>\n",
       "      <th>Ozone</th>\n",
       "      <th>Solar.R</th>\n",
       "      <th>Wind</th>\n",
       "      <th>Temp</th>\n",
       "      <th>Month</th>\n",
       "      <th>Day</th>\n",
       "    </tr>\n",
       "  </thead>\n",
       "  <tbody>\n",
       "    <tr>\n",
       "      <th>count</th>\n",
       "      <td>116.000000</td>\n",
       "      <td>146.000000</td>\n",
       "      <td>153.000000</td>\n",
       "      <td>153.000000</td>\n",
       "      <td>153.000000</td>\n",
       "      <td>153.000000</td>\n",
       "    </tr>\n",
       "    <tr>\n",
       "      <th>mean</th>\n",
       "      <td>42.129310</td>\n",
       "      <td>185.931507</td>\n",
       "      <td>9.957516</td>\n",
       "      <td>77.882353</td>\n",
       "      <td>6.993464</td>\n",
       "      <td>15.803922</td>\n",
       "    </tr>\n",
       "    <tr>\n",
       "      <th>std</th>\n",
       "      <td>32.987885</td>\n",
       "      <td>90.058422</td>\n",
       "      <td>3.523001</td>\n",
       "      <td>9.465270</td>\n",
       "      <td>1.416522</td>\n",
       "      <td>8.864520</td>\n",
       "    </tr>\n",
       "    <tr>\n",
       "      <th>min</th>\n",
       "      <td>1.000000</td>\n",
       "      <td>7.000000</td>\n",
       "      <td>1.700000</td>\n",
       "      <td>56.000000</td>\n",
       "      <td>5.000000</td>\n",
       "      <td>1.000000</td>\n",
       "    </tr>\n",
       "    <tr>\n",
       "      <th>25%</th>\n",
       "      <td>NaN</td>\n",
       "      <td>NaN</td>\n",
       "      <td>7.400000</td>\n",
       "      <td>72.000000</td>\n",
       "      <td>6.000000</td>\n",
       "      <td>8.000000</td>\n",
       "    </tr>\n",
       "    <tr>\n",
       "      <th>50%</th>\n",
       "      <td>NaN</td>\n",
       "      <td>NaN</td>\n",
       "      <td>9.700000</td>\n",
       "      <td>79.000000</td>\n",
       "      <td>7.000000</td>\n",
       "      <td>16.000000</td>\n",
       "    </tr>\n",
       "    <tr>\n",
       "      <th>75%</th>\n",
       "      <td>NaN</td>\n",
       "      <td>NaN</td>\n",
       "      <td>11.500000</td>\n",
       "      <td>85.000000</td>\n",
       "      <td>8.000000</td>\n",
       "      <td>23.000000</td>\n",
       "    </tr>\n",
       "    <tr>\n",
       "      <th>max</th>\n",
       "      <td>168.000000</td>\n",
       "      <td>334.000000</td>\n",
       "      <td>20.700000</td>\n",
       "      <td>97.000000</td>\n",
       "      <td>9.000000</td>\n",
       "      <td>31.000000</td>\n",
       "    </tr>\n",
       "  </tbody>\n",
       "</table>\n",
       "</div>"
      ],
      "text/plain": [
       "            Ozone     Solar.R        Wind        Temp       Month         Day\n",
       "count  116.000000  146.000000  153.000000  153.000000  153.000000  153.000000\n",
       "mean    42.129310  185.931507    9.957516   77.882353    6.993464   15.803922\n",
       "std     32.987885   90.058422    3.523001    9.465270    1.416522    8.864520\n",
       "min      1.000000    7.000000    1.700000   56.000000    5.000000    1.000000\n",
       "25%           NaN         NaN    7.400000   72.000000    6.000000    8.000000\n",
       "50%           NaN         NaN    9.700000   79.000000    7.000000   16.000000\n",
       "75%           NaN         NaN   11.500000   85.000000    8.000000   23.000000\n",
       "max    168.000000  334.000000   20.700000   97.000000    9.000000   31.000000"
      ]
     },
     "execution_count": 4,
     "metadata": {},
     "output_type": "execute_result"
    }
   ],
   "source": [
    "OzoneData.describe()"
   ]
  },
  {
   "cell_type": "markdown",
   "metadata": {},
   "source": [
    "Answer: It looks like both Ozone and Solar.R are missing values."
   ]
  },
  {
   "cell_type": "markdown",
   "metadata": {},
   "source": [
    "Let's drop rows that have missing values in all the columns you identified above. \n",
    "\n",
    "Hint: in dropna() if you set how = 'all', it will only drop columns that are suffering from missing values at all variables you introduce in subset. If you want to get rid of the row that contains missing values in any of the variables you specify, then you shall set how = 'any'\n",
    "\n",
    "df.dropna(how = 'all',subset = ['Var1', 'Var2', 'Var3'],inplace = True)\n",
    "\n",
    "The above code will check if all 3 variables specified in df have missing values, if they all have missing values it will drop that row. "
   ]
  },
  {
   "cell_type": "code",
   "execution_count": 5,
   "metadata": {
    "collapsed": true
   },
   "outputs": [],
   "source": [
    "OzoneData.dropna(how = 'all',subset = ['Ozone', 'Solar.R'],inplace = True)"
   ]
  },
  {
   "cell_type": "code",
   "execution_count": 6,
   "metadata": {
    "collapsed": false
   },
   "outputs": [
    {
     "data": {
      "text/plain": [
       "151"
      ]
     },
     "execution_count": 6,
     "metadata": {},
     "output_type": "execute_result"
    }
   ],
   "source": [
    "len(OzoneData)"
   ]
  },
  {
   "cell_type": "code",
   "execution_count": 7,
   "metadata": {
    "collapsed": false
   },
   "outputs": [
    {
     "data": {
      "text/html": [
       "<div>\n",
       "<table border=\"1\" class=\"dataframe\">\n",
       "  <thead>\n",
       "    <tr style=\"text-align: right;\">\n",
       "      <th></th>\n",
       "      <th>Ozone</th>\n",
       "      <th>Solar.R</th>\n",
       "      <th>Wind</th>\n",
       "      <th>Temp</th>\n",
       "      <th>Month</th>\n",
       "      <th>Day</th>\n",
       "    </tr>\n",
       "  </thead>\n",
       "  <tbody>\n",
       "    <tr>\n",
       "      <th>count</th>\n",
       "      <td>116.000000</td>\n",
       "      <td>146.000000</td>\n",
       "      <td>151.000000</td>\n",
       "      <td>151.000000</td>\n",
       "      <td>151.000000</td>\n",
       "      <td>151.000000</td>\n",
       "    </tr>\n",
       "    <tr>\n",
       "      <th>mean</th>\n",
       "      <td>42.129310</td>\n",
       "      <td>185.931507</td>\n",
       "      <td>9.941722</td>\n",
       "      <td>78.165563</td>\n",
       "      <td>7.019868</td>\n",
       "      <td>15.801325</td>\n",
       "    </tr>\n",
       "    <tr>\n",
       "      <th>std</th>\n",
       "      <td>32.987885</td>\n",
       "      <td>90.058422</td>\n",
       "      <td>3.524984</td>\n",
       "      <td>9.198138</td>\n",
       "      <td>1.406984</td>\n",
       "      <td>8.832531</td>\n",
       "    </tr>\n",
       "    <tr>\n",
       "      <th>min</th>\n",
       "      <td>1.000000</td>\n",
       "      <td>7.000000</td>\n",
       "      <td>1.700000</td>\n",
       "      <td>57.000000</td>\n",
       "      <td>5.000000</td>\n",
       "      <td>1.000000</td>\n",
       "    </tr>\n",
       "    <tr>\n",
       "      <th>25%</th>\n",
       "      <td>NaN</td>\n",
       "      <td>NaN</td>\n",
       "      <td>7.400000</td>\n",
       "      <td>73.000000</td>\n",
       "      <td>6.000000</td>\n",
       "      <td>8.000000</td>\n",
       "    </tr>\n",
       "    <tr>\n",
       "      <th>50%</th>\n",
       "      <td>NaN</td>\n",
       "      <td>NaN</td>\n",
       "      <td>9.700000</td>\n",
       "      <td>79.000000</td>\n",
       "      <td>7.000000</td>\n",
       "      <td>16.000000</td>\n",
       "    </tr>\n",
       "    <tr>\n",
       "      <th>75%</th>\n",
       "      <td>NaN</td>\n",
       "      <td>NaN</td>\n",
       "      <td>11.500000</td>\n",
       "      <td>85.000000</td>\n",
       "      <td>8.000000</td>\n",
       "      <td>23.000000</td>\n",
       "    </tr>\n",
       "    <tr>\n",
       "      <th>max</th>\n",
       "      <td>168.000000</td>\n",
       "      <td>334.000000</td>\n",
       "      <td>20.700000</td>\n",
       "      <td>97.000000</td>\n",
       "      <td>9.000000</td>\n",
       "      <td>31.000000</td>\n",
       "    </tr>\n",
       "  </tbody>\n",
       "</table>\n",
       "</div>"
      ],
      "text/plain": [
       "            Ozone     Solar.R        Wind        Temp       Month         Day\n",
       "count  116.000000  146.000000  151.000000  151.000000  151.000000  151.000000\n",
       "mean    42.129310  185.931507    9.941722   78.165563    7.019868   15.801325\n",
       "std     32.987885   90.058422    3.524984    9.198138    1.406984    8.832531\n",
       "min      1.000000    7.000000    1.700000   57.000000    5.000000    1.000000\n",
       "25%           NaN         NaN    7.400000   73.000000    6.000000    8.000000\n",
       "50%           NaN         NaN    9.700000   79.000000    7.000000   16.000000\n",
       "75%           NaN         NaN   11.500000   85.000000    8.000000   23.000000\n",
       "max    168.000000  334.000000   20.700000   97.000000    9.000000   31.000000"
      ]
     },
     "execution_count": 7,
     "metadata": {},
     "output_type": "execute_result"
    }
   ],
   "source": [
    "OzoneData.describe()"
   ]
  },
  {
   "cell_type": "markdown",
   "metadata": {},
   "source": [
    "Spoiler! If everything is going according to plan you shall be left by 151 observations. Also, it seemed like the first two variables had missing values. Now please make a copy of your dataframe into a dataframe named OzoneImputeMean. Also, please use mean of the variables to fill in missing values in OzoneImputeMean.\n",
    "\n",
    "Hint: copy OzoneData this way:\n",
    "\n",
    "OzoneImputeMean = OzoneData.copy()"
   ]
  },
  {
   "cell_type": "code",
   "execution_count": 8,
   "metadata": {
    "collapsed": false
   },
   "outputs": [],
   "source": [
    "OzoneImputeMean = OzoneData.copy()\n",
    "\n",
    "OzoneImputeMean['Ozone'].fillna(value = np.mean(OzoneImputeMean['Ozone']), inplace = True)\n",
    "\n",
    "OzoneImputeMean['Solar.R'].fillna(value = np.mean(OzoneImputeMean['Solar.R']), inplace = True)"
   ]
  },
  {
   "cell_type": "code",
   "execution_count": 9,
   "metadata": {
    "collapsed": false,
    "scrolled": true
   },
   "outputs": [
    {
     "data": {
      "text/html": [
       "<div>\n",
       "<table border=\"1\" class=\"dataframe\">\n",
       "  <thead>\n",
       "    <tr style=\"text-align: right;\">\n",
       "      <th></th>\n",
       "      <th>Ozone</th>\n",
       "      <th>Solar.R</th>\n",
       "      <th>Wind</th>\n",
       "      <th>Temp</th>\n",
       "      <th>Month</th>\n",
       "      <th>Day</th>\n",
       "    </tr>\n",
       "  </thead>\n",
       "  <tbody>\n",
       "    <tr>\n",
       "      <th>count</th>\n",
       "      <td>151.000000</td>\n",
       "      <td>151.000000</td>\n",
       "      <td>151.000000</td>\n",
       "      <td>151.000000</td>\n",
       "      <td>151.000000</td>\n",
       "      <td>151.000000</td>\n",
       "    </tr>\n",
       "    <tr>\n",
       "      <th>mean</th>\n",
       "      <td>42.129310</td>\n",
       "      <td>185.931507</td>\n",
       "      <td>9.941722</td>\n",
       "      <td>78.165563</td>\n",
       "      <td>7.019868</td>\n",
       "      <td>15.801325</td>\n",
       "    </tr>\n",
       "    <tr>\n",
       "      <th>std</th>\n",
       "      <td>28.884028</td>\n",
       "      <td>88.544727</td>\n",
       "      <td>3.524984</td>\n",
       "      <td>9.198138</td>\n",
       "      <td>1.406984</td>\n",
       "      <td>8.832531</td>\n",
       "    </tr>\n",
       "    <tr>\n",
       "      <th>min</th>\n",
       "      <td>1.000000</td>\n",
       "      <td>7.000000</td>\n",
       "      <td>1.700000</td>\n",
       "      <td>57.000000</td>\n",
       "      <td>5.000000</td>\n",
       "      <td>1.000000</td>\n",
       "    </tr>\n",
       "    <tr>\n",
       "      <th>25%</th>\n",
       "      <td>21.000000</td>\n",
       "      <td>119.000000</td>\n",
       "      <td>7.400000</td>\n",
       "      <td>73.000000</td>\n",
       "      <td>6.000000</td>\n",
       "      <td>8.000000</td>\n",
       "    </tr>\n",
       "    <tr>\n",
       "      <th>50%</th>\n",
       "      <td>42.129310</td>\n",
       "      <td>197.000000</td>\n",
       "      <td>9.700000</td>\n",
       "      <td>79.000000</td>\n",
       "      <td>7.000000</td>\n",
       "      <td>16.000000</td>\n",
       "    </tr>\n",
       "    <tr>\n",
       "      <th>75%</th>\n",
       "      <td>46.500000</td>\n",
       "      <td>257.000000</td>\n",
       "      <td>11.500000</td>\n",
       "      <td>85.000000</td>\n",
       "      <td>8.000000</td>\n",
       "      <td>23.000000</td>\n",
       "    </tr>\n",
       "    <tr>\n",
       "      <th>max</th>\n",
       "      <td>168.000000</td>\n",
       "      <td>334.000000</td>\n",
       "      <td>20.700000</td>\n",
       "      <td>97.000000</td>\n",
       "      <td>9.000000</td>\n",
       "      <td>31.000000</td>\n",
       "    </tr>\n",
       "  </tbody>\n",
       "</table>\n",
       "</div>"
      ],
      "text/plain": [
       "            Ozone     Solar.R        Wind        Temp       Month         Day\n",
       "count  151.000000  151.000000  151.000000  151.000000  151.000000  151.000000\n",
       "mean    42.129310  185.931507    9.941722   78.165563    7.019868   15.801325\n",
       "std     28.884028   88.544727    3.524984    9.198138    1.406984    8.832531\n",
       "min      1.000000    7.000000    1.700000   57.000000    5.000000    1.000000\n",
       "25%     21.000000  119.000000    7.400000   73.000000    6.000000    8.000000\n",
       "50%     42.129310  197.000000    9.700000   79.000000    7.000000   16.000000\n",
       "75%     46.500000  257.000000   11.500000   85.000000    8.000000   23.000000\n",
       "max    168.000000  334.000000   20.700000   97.000000    9.000000   31.000000"
      ]
     },
     "execution_count": 9,
     "metadata": {},
     "output_type": "execute_result"
    }
   ],
   "source": [
    "#Check if missing values are filled\n",
    "\n",
    "OzoneImputeMean.describe()"
   ]
  },
  {
   "cell_type": "markdown",
   "metadata": {},
   "source": [
    "Now it's time for imputing using linear regression lines"
   ]
  },
  {
   "cell_type": "code",
   "execution_count": 10,
   "metadata": {
    "collapsed": false
   },
   "outputs": [
    {
     "data": {
      "text/html": [
       "<div>\n",
       "<table border=\"1\" class=\"dataframe\">\n",
       "  <thead>\n",
       "    <tr style=\"text-align: right;\">\n",
       "      <th></th>\n",
       "      <th>Ozone</th>\n",
       "      <th>Solar.R</th>\n",
       "      <th>Wind</th>\n",
       "      <th>Temp</th>\n",
       "      <th>Month</th>\n",
       "      <th>Day</th>\n",
       "      <th>Month_5</th>\n",
       "      <th>Month_6</th>\n",
       "      <th>Month_7</th>\n",
       "      <th>Month_8</th>\n",
       "    </tr>\n",
       "  </thead>\n",
       "  <tbody>\n",
       "    <tr>\n",
       "      <th>0</th>\n",
       "      <td>41.0</td>\n",
       "      <td>190.0</td>\n",
       "      <td>7.4</td>\n",
       "      <td>67</td>\n",
       "      <td>5</td>\n",
       "      <td>1</td>\n",
       "      <td>1.0</td>\n",
       "      <td>0.0</td>\n",
       "      <td>0.0</td>\n",
       "      <td>0.0</td>\n",
       "    </tr>\n",
       "    <tr>\n",
       "      <th>1</th>\n",
       "      <td>36.0</td>\n",
       "      <td>118.0</td>\n",
       "      <td>8.0</td>\n",
       "      <td>72</td>\n",
       "      <td>5</td>\n",
       "      <td>2</td>\n",
       "      <td>1.0</td>\n",
       "      <td>0.0</td>\n",
       "      <td>0.0</td>\n",
       "      <td>0.0</td>\n",
       "    </tr>\n",
       "    <tr>\n",
       "      <th>2</th>\n",
       "      <td>12.0</td>\n",
       "      <td>149.0</td>\n",
       "      <td>12.6</td>\n",
       "      <td>74</td>\n",
       "      <td>5</td>\n",
       "      <td>3</td>\n",
       "      <td>1.0</td>\n",
       "      <td>0.0</td>\n",
       "      <td>0.0</td>\n",
       "      <td>0.0</td>\n",
       "    </tr>\n",
       "    <tr>\n",
       "      <th>3</th>\n",
       "      <td>18.0</td>\n",
       "      <td>313.0</td>\n",
       "      <td>11.5</td>\n",
       "      <td>62</td>\n",
       "      <td>5</td>\n",
       "      <td>4</td>\n",
       "      <td>1.0</td>\n",
       "      <td>0.0</td>\n",
       "      <td>0.0</td>\n",
       "      <td>0.0</td>\n",
       "    </tr>\n",
       "    <tr>\n",
       "      <th>5</th>\n",
       "      <td>28.0</td>\n",
       "      <td>NaN</td>\n",
       "      <td>14.9</td>\n",
       "      <td>66</td>\n",
       "      <td>5</td>\n",
       "      <td>6</td>\n",
       "      <td>1.0</td>\n",
       "      <td>0.0</td>\n",
       "      <td>0.0</td>\n",
       "      <td>0.0</td>\n",
       "    </tr>\n",
       "  </tbody>\n",
       "</table>\n",
       "</div>"
      ],
      "text/plain": [
       "   Ozone  Solar.R  Wind  Temp  Month  Day  Month_5  Month_6  Month_7  Month_8\n",
       "0   41.0    190.0   7.4    67      5    1      1.0      0.0      0.0      0.0\n",
       "1   36.0    118.0   8.0    72      5    2      1.0      0.0      0.0      0.0\n",
       "2   12.0    149.0  12.6    74      5    3      1.0      0.0      0.0      0.0\n",
       "3   18.0    313.0  11.5    62      5    4      1.0      0.0      0.0      0.0\n",
       "5   28.0      NaN  14.9    66      5    6      1.0      0.0      0.0      0.0"
      ]
     },
     "execution_count": 10,
     "metadata": {},
     "output_type": "execute_result"
    }
   ],
   "source": [
    "####Before we start let's define dummy variables for Month - don't worry about day!\n",
    "\n",
    "MonthDummy = pd.get_dummies(OzoneData.Month, prefix = 'Month')\n",
    "del MonthDummy['Month_9']\n",
    "\n",
    "OzoneData = pd.concat([OzoneData, MonthDummy], axis = 1)\n",
    "\n",
    "OzoneData.head()"
   ]
  },
  {
   "cell_type": "code",
   "execution_count": 11,
   "metadata": {
    "collapsed": false
   },
   "outputs": [
    {
     "data": {
      "text/html": [
       "<div>\n",
       "<table border=\"1\" class=\"dataframe\">\n",
       "  <thead>\n",
       "    <tr style=\"text-align: right;\">\n",
       "      <th></th>\n",
       "      <th>Ozone</th>\n",
       "      <th>Solar.R</th>\n",
       "      <th>Wind</th>\n",
       "      <th>Temp</th>\n",
       "      <th>Month</th>\n",
       "      <th>Day</th>\n",
       "      <th>Month_5</th>\n",
       "      <th>Month_6</th>\n",
       "      <th>Month_7</th>\n",
       "      <th>Month_8</th>\n",
       "    </tr>\n",
       "  </thead>\n",
       "  <tbody>\n",
       "    <tr>\n",
       "      <th>Ozone</th>\n",
       "      <td>1.000000</td>\n",
       "      <td>0.348342</td>\n",
       "      <td>-0.601547</td>\n",
       "      <td>0.698360</td>\n",
       "      <td>0.164519</td>\n",
       "      <td>-0.013226</td>\n",
       "      <td>-0.302963</td>\n",
       "      <td>-0.112006</td>\n",
       "      <td>0.277961</td>\n",
       "      <td>0.291808</td>\n",
       "    </tr>\n",
       "    <tr>\n",
       "      <th>Solar.R</th>\n",
       "      <td>0.348342</td>\n",
       "      <td>1.000000</td>\n",
       "      <td>-0.056792</td>\n",
       "      <td>0.275840</td>\n",
       "      <td>-0.075301</td>\n",
       "      <td>-0.150275</td>\n",
       "      <td>-0.024601</td>\n",
       "      <td>0.023998</td>\n",
       "      <td>0.176744</td>\n",
       "      <td>-0.076390</td>\n",
       "    </tr>\n",
       "    <tr>\n",
       "      <th>Wind</th>\n",
       "      <td>-0.601547</td>\n",
       "      <td>-0.056792</td>\n",
       "      <td>1.000000</td>\n",
       "      <td>-0.466032</td>\n",
       "      <td>-0.175317</td>\n",
       "      <td>0.042365</td>\n",
       "      <td>0.237781</td>\n",
       "      <td>0.046054</td>\n",
       "      <td>-0.144638</td>\n",
       "      <td>-0.166105</td>\n",
       "    </tr>\n",
       "    <tr>\n",
       "      <th>Temp</th>\n",
       "      <td>0.698360</td>\n",
       "      <td>0.275840</td>\n",
       "      <td>-0.466032</td>\n",
       "      <td>1.000000</td>\n",
       "      <td>0.397427</td>\n",
       "      <td>-0.136876</td>\n",
       "      <td>-0.637816</td>\n",
       "      <td>0.050753</td>\n",
       "      <td>0.318103</td>\n",
       "      <td>0.321680</td>\n",
       "    </tr>\n",
       "    <tr>\n",
       "      <th>Month</th>\n",
       "      <td>0.164519</td>\n",
       "      <td>-0.075301</td>\n",
       "      <td>-0.175317</td>\n",
       "      <td>0.397427</td>\n",
       "      <td>1.000000</td>\n",
       "      <td>-0.007727</td>\n",
       "      <td>-0.702257</td>\n",
       "      <td>-0.362131</td>\n",
       "      <td>-0.007201</td>\n",
       "      <td>0.355246</td>\n",
       "    </tr>\n",
       "    <tr>\n",
       "      <th>Day</th>\n",
       "      <td>-0.013226</td>\n",
       "      <td>-0.150275</td>\n",
       "      <td>0.042365</td>\n",
       "      <td>-0.136876</td>\n",
       "      <td>-0.007727</td>\n",
       "      <td>1.000000</td>\n",
       "      <td>0.011003</td>\n",
       "      <td>-0.017044</td>\n",
       "      <td>0.011471</td>\n",
       "      <td>0.011471</td>\n",
       "    </tr>\n",
       "    <tr>\n",
       "      <th>Month_5</th>\n",
       "      <td>-0.302963</td>\n",
       "      <td>-0.024601</td>\n",
       "      <td>0.237781</td>\n",
       "      <td>-0.637816</td>\n",
       "      <td>-0.702257</td>\n",
       "      <td>0.011003</td>\n",
       "      <td>1.000000</td>\n",
       "      <td>-0.242766</td>\n",
       "      <td>-0.247805</td>\n",
       "      <td>-0.247805</td>\n",
       "    </tr>\n",
       "    <tr>\n",
       "      <th>Month_6</th>\n",
       "      <td>-0.112006</td>\n",
       "      <td>0.023998</td>\n",
       "      <td>0.046054</td>\n",
       "      <td>0.050753</td>\n",
       "      <td>-0.362131</td>\n",
       "      <td>-0.017044</td>\n",
       "      <td>-0.242766</td>\n",
       "      <td>1.000000</td>\n",
       "      <td>-0.253080</td>\n",
       "      <td>-0.253080</td>\n",
       "    </tr>\n",
       "    <tr>\n",
       "      <th>Month_7</th>\n",
       "      <td>0.277961</td>\n",
       "      <td>0.176744</td>\n",
       "      <td>-0.144638</td>\n",
       "      <td>0.318103</td>\n",
       "      <td>-0.007201</td>\n",
       "      <td>0.011471</td>\n",
       "      <td>-0.247805</td>\n",
       "      <td>-0.253080</td>\n",
       "      <td>1.000000</td>\n",
       "      <td>-0.258333</td>\n",
       "    </tr>\n",
       "    <tr>\n",
       "      <th>Month_8</th>\n",
       "      <td>0.291808</td>\n",
       "      <td>-0.076390</td>\n",
       "      <td>-0.166105</td>\n",
       "      <td>0.321680</td>\n",
       "      <td>0.355246</td>\n",
       "      <td>0.011471</td>\n",
       "      <td>-0.247805</td>\n",
       "      <td>-0.253080</td>\n",
       "      <td>-0.258333</td>\n",
       "      <td>1.000000</td>\n",
       "    </tr>\n",
       "  </tbody>\n",
       "</table>\n",
       "</div>"
      ],
      "text/plain": [
       "            Ozone   Solar.R      Wind      Temp     Month       Day   Month_5  \\\n",
       "Ozone    1.000000  0.348342 -0.601547  0.698360  0.164519 -0.013226 -0.302963   \n",
       "Solar.R  0.348342  1.000000 -0.056792  0.275840 -0.075301 -0.150275 -0.024601   \n",
       "Wind    -0.601547 -0.056792  1.000000 -0.466032 -0.175317  0.042365  0.237781   \n",
       "Temp     0.698360  0.275840 -0.466032  1.000000  0.397427 -0.136876 -0.637816   \n",
       "Month    0.164519 -0.075301 -0.175317  0.397427  1.000000 -0.007727 -0.702257   \n",
       "Day     -0.013226 -0.150275  0.042365 -0.136876 -0.007727  1.000000  0.011003   \n",
       "Month_5 -0.302963 -0.024601  0.237781 -0.637816 -0.702257  0.011003  1.000000   \n",
       "Month_6 -0.112006  0.023998  0.046054  0.050753 -0.362131 -0.017044 -0.242766   \n",
       "Month_7  0.277961  0.176744 -0.144638  0.318103 -0.007201  0.011471 -0.247805   \n",
       "Month_8  0.291808 -0.076390 -0.166105  0.321680  0.355246  0.011471 -0.247805   \n",
       "\n",
       "          Month_6   Month_7   Month_8  \n",
       "Ozone   -0.112006  0.277961  0.291808  \n",
       "Solar.R  0.023998  0.176744 -0.076390  \n",
       "Wind     0.046054 -0.144638 -0.166105  \n",
       "Temp     0.050753  0.318103  0.321680  \n",
       "Month   -0.362131 -0.007201  0.355246  \n",
       "Day     -0.017044  0.011471  0.011471  \n",
       "Month_5 -0.242766 -0.247805 -0.247805  \n",
       "Month_6  1.000000 -0.253080 -0.253080  \n",
       "Month_7 -0.253080  1.000000 -0.258333  \n",
       "Month_8 -0.253080 -0.258333  1.000000  "
      ]
     },
     "execution_count": 11,
     "metadata": {},
     "output_type": "execute_result"
    }
   ],
   "source": [
    "#now let's explore correlation matrix\n",
    "\n",
    "OzoneData.corr()"
   ]
  },
  {
   "cell_type": "markdown",
   "metadata": {},
   "source": [
    "Create 3 datasets. Let's name the first one OzoneData_NoMissing which contains no missing values. DataSet2 is called OzoneData_SolarMissingDrop which does not have any Solar.R missing value. DataSet 3 is named OzoneData_OzoneMissingDrop which does not have any Ozone Missing Value.\n",
    "\n",
    "Hint: df2 = df1.copy() only copies df1 without changing anything in df1 for instance, here we create OzoneData_NoMissing\n",
    "\n",
    "OzoneData_NoMissing = OzoneData.dropna(how = 'any', subset = ['Ozone', 'Solar.R'], inplace = False).copy()"
   ]
  },
  {
   "cell_type": "code",
   "execution_count": 12,
   "metadata": {
    "collapsed": false,
    "scrolled": true
   },
   "outputs": [
    {
     "data": {
      "text/html": [
       "<div>\n",
       "<table border=\"1\" class=\"dataframe\">\n",
       "  <thead>\n",
       "    <tr style=\"text-align: right;\">\n",
       "      <th></th>\n",
       "      <th>Ozone</th>\n",
       "      <th>Solar.R</th>\n",
       "      <th>Wind</th>\n",
       "      <th>Temp</th>\n",
       "      <th>Month</th>\n",
       "      <th>Day</th>\n",
       "      <th>Month_5</th>\n",
       "      <th>Month_6</th>\n",
       "      <th>Month_7</th>\n",
       "      <th>Month_8</th>\n",
       "    </tr>\n",
       "  </thead>\n",
       "  <tbody>\n",
       "    <tr>\n",
       "      <th>Ozone</th>\n",
       "      <td>1.000000</td>\n",
       "      <td>0.348342</td>\n",
       "      <td>-0.612497</td>\n",
       "      <td>0.698541</td>\n",
       "      <td>0.142885</td>\n",
       "      <td>-0.005190</td>\n",
       "      <td>-0.284989</td>\n",
       "      <td>-0.113476</td>\n",
       "      <td>0.284103</td>\n",
       "      <td>0.276269</td>\n",
       "    </tr>\n",
       "    <tr>\n",
       "      <th>Solar.R</th>\n",
       "      <td>0.348342</td>\n",
       "      <td>1.000000</td>\n",
       "      <td>-0.127183</td>\n",
       "      <td>0.294088</td>\n",
       "      <td>-0.074067</td>\n",
       "      <td>-0.057754</td>\n",
       "      <td>-0.015976</td>\n",
       "      <td>-0.001897</td>\n",
       "      <td>0.192732</td>\n",
       "      <td>-0.066002</td>\n",
       "    </tr>\n",
       "    <tr>\n",
       "      <th>Wind</th>\n",
       "      <td>-0.612497</td>\n",
       "      <td>-0.127183</td>\n",
       "      <td>1.000000</td>\n",
       "      <td>-0.497190</td>\n",
       "      <td>-0.194496</td>\n",
       "      <td>0.049871</td>\n",
       "      <td>0.232019</td>\n",
       "      <td>0.187716</td>\n",
       "      <td>-0.221211</td>\n",
       "      <td>-0.155720</td>\n",
       "    </tr>\n",
       "    <tr>\n",
       "      <th>Temp</th>\n",
       "      <td>0.698541</td>\n",
       "      <td>0.294088</td>\n",
       "      <td>-0.497190</td>\n",
       "      <td>1.000000</td>\n",
       "      <td>0.403972</td>\n",
       "      <td>-0.096546</td>\n",
       "      <td>-0.627510</td>\n",
       "      <td>0.013446</td>\n",
       "      <td>0.355139</td>\n",
       "      <td>0.318096</td>\n",
       "    </tr>\n",
       "    <tr>\n",
       "      <th>Month</th>\n",
       "      <td>0.142885</td>\n",
       "      <td>-0.074067</td>\n",
       "      <td>-0.194496</td>\n",
       "      <td>0.403972</td>\n",
       "      <td>1.000000</td>\n",
       "      <td>-0.009001</td>\n",
       "      <td>-0.793583</td>\n",
       "      <td>-0.246301</td>\n",
       "      <td>-0.081527</td>\n",
       "      <td>0.273183</td>\n",
       "    </tr>\n",
       "    <tr>\n",
       "      <th>Day</th>\n",
       "      <td>-0.005190</td>\n",
       "      <td>-0.057754</td>\n",
       "      <td>0.049871</td>\n",
       "      <td>-0.096546</td>\n",
       "      <td>-0.009001</td>\n",
       "      <td>1.000000</td>\n",
       "      <td>0.008325</td>\n",
       "      <td>-0.055263</td>\n",
       "      <td>0.018174</td>\n",
       "      <td>0.072426</td>\n",
       "    </tr>\n",
       "    <tr>\n",
       "      <th>Month_5</th>\n",
       "      <td>-0.284989</td>\n",
       "      <td>-0.015976</td>\n",
       "      <td>0.232019</td>\n",
       "      <td>-0.627510</td>\n",
       "      <td>-0.793583</td>\n",
       "      <td>0.008325</td>\n",
       "      <td>1.000000</td>\n",
       "      <td>-0.156015</td>\n",
       "      <td>-0.290485</td>\n",
       "      <td>-0.268515</td>\n",
       "    </tr>\n",
       "    <tr>\n",
       "      <th>Month_6</th>\n",
       "      <td>-0.113476</td>\n",
       "      <td>-0.001897</td>\n",
       "      <td>0.187716</td>\n",
       "      <td>0.013446</td>\n",
       "      <td>-0.246301</td>\n",
       "      <td>-0.055263</td>\n",
       "      <td>-0.156015</td>\n",
       "      <td>1.000000</td>\n",
       "      <td>-0.164285</td>\n",
       "      <td>-0.151860</td>\n",
       "    </tr>\n",
       "    <tr>\n",
       "      <th>Month_7</th>\n",
       "      <td>0.284103</td>\n",
       "      <td>0.192732</td>\n",
       "      <td>-0.221211</td>\n",
       "      <td>0.355139</td>\n",
       "      <td>-0.081527</td>\n",
       "      <td>0.018174</td>\n",
       "      <td>-0.290485</td>\n",
       "      <td>-0.164285</td>\n",
       "      <td>1.000000</td>\n",
       "      <td>-0.282748</td>\n",
       "    </tr>\n",
       "    <tr>\n",
       "      <th>Month_8</th>\n",
       "      <td>0.276269</td>\n",
       "      <td>-0.066002</td>\n",
       "      <td>-0.155720</td>\n",
       "      <td>0.318096</td>\n",
       "      <td>0.273183</td>\n",
       "      <td>0.072426</td>\n",
       "      <td>-0.268515</td>\n",
       "      <td>-0.151860</td>\n",
       "      <td>-0.282748</td>\n",
       "      <td>1.000000</td>\n",
       "    </tr>\n",
       "  </tbody>\n",
       "</table>\n",
       "</div>"
      ],
      "text/plain": [
       "            Ozone   Solar.R      Wind      Temp     Month       Day   Month_5  \\\n",
       "Ozone    1.000000  0.348342 -0.612497  0.698541  0.142885 -0.005190 -0.284989   \n",
       "Solar.R  0.348342  1.000000 -0.127183  0.294088 -0.074067 -0.057754 -0.015976   \n",
       "Wind    -0.612497 -0.127183  1.000000 -0.497190 -0.194496  0.049871  0.232019   \n",
       "Temp     0.698541  0.294088 -0.497190  1.000000  0.403972 -0.096546 -0.627510   \n",
       "Month    0.142885 -0.074067 -0.194496  0.403972  1.000000 -0.009001 -0.793583   \n",
       "Day     -0.005190 -0.057754  0.049871 -0.096546 -0.009001  1.000000  0.008325   \n",
       "Month_5 -0.284989 -0.015976  0.232019 -0.627510 -0.793583  0.008325  1.000000   \n",
       "Month_6 -0.113476 -0.001897  0.187716  0.013446 -0.246301 -0.055263 -0.156015   \n",
       "Month_7  0.284103  0.192732 -0.221211  0.355139 -0.081527  0.018174 -0.290485   \n",
       "Month_8  0.276269 -0.066002 -0.155720  0.318096  0.273183  0.072426 -0.268515   \n",
       "\n",
       "          Month_6   Month_7   Month_8  \n",
       "Ozone   -0.113476  0.284103  0.276269  \n",
       "Solar.R -0.001897  0.192732 -0.066002  \n",
       "Wind     0.187716 -0.221211 -0.155720  \n",
       "Temp     0.013446  0.355139  0.318096  \n",
       "Month   -0.246301 -0.081527  0.273183  \n",
       "Day     -0.055263  0.018174  0.072426  \n",
       "Month_5 -0.156015 -0.290485 -0.268515  \n",
       "Month_6  1.000000 -0.164285 -0.151860  \n",
       "Month_7 -0.164285  1.000000 -0.282748  \n",
       "Month_8 -0.151860 -0.282748  1.000000  "
      ]
     },
     "execution_count": 12,
     "metadata": {},
     "output_type": "execute_result"
    }
   ],
   "source": [
    "OzoneData_NoMissing = OzoneData.dropna(how = 'any', subset = ['Ozone', 'Solar.R'], inplace = False).copy()\n",
    "\n",
    "OzoneData_NoMissing.corr()"
   ]
  },
  {
   "cell_type": "code",
   "execution_count": 13,
   "metadata": {
    "collapsed": false
   },
   "outputs": [
    {
     "data": {
      "text/html": [
       "<div>\n",
       "<table border=\"1\" class=\"dataframe\">\n",
       "  <thead>\n",
       "    <tr style=\"text-align: right;\">\n",
       "      <th></th>\n",
       "      <th>Ozone</th>\n",
       "      <th>Solar.R</th>\n",
       "      <th>Wind</th>\n",
       "      <th>Temp</th>\n",
       "      <th>Month</th>\n",
       "      <th>Day</th>\n",
       "      <th>Month_5</th>\n",
       "      <th>Month_6</th>\n",
       "      <th>Month_7</th>\n",
       "      <th>Month_8</th>\n",
       "    </tr>\n",
       "  </thead>\n",
       "  <tbody>\n",
       "    <tr>\n",
       "      <th>Ozone</th>\n",
       "      <td>1.000000</td>\n",
       "      <td>0.348342</td>\n",
       "      <td>-0.612497</td>\n",
       "      <td>0.698541</td>\n",
       "      <td>0.142885</td>\n",
       "      <td>-0.005190</td>\n",
       "      <td>-0.284989</td>\n",
       "      <td>-0.113476</td>\n",
       "      <td>0.284103</td>\n",
       "      <td>0.276269</td>\n",
       "    </tr>\n",
       "    <tr>\n",
       "      <th>Solar.R</th>\n",
       "      <td>0.348342</td>\n",
       "      <td>1.000000</td>\n",
       "      <td>-0.056792</td>\n",
       "      <td>0.275840</td>\n",
       "      <td>-0.075301</td>\n",
       "      <td>-0.150275</td>\n",
       "      <td>-0.024601</td>\n",
       "      <td>0.023998</td>\n",
       "      <td>0.176744</td>\n",
       "      <td>-0.076390</td>\n",
       "    </tr>\n",
       "    <tr>\n",
       "      <th>Wind</th>\n",
       "      <td>-0.612497</td>\n",
       "      <td>-0.056792</td>\n",
       "      <td>1.000000</td>\n",
       "      <td>-0.453847</td>\n",
       "      <td>-0.162253</td>\n",
       "      <td>0.025307</td>\n",
       "      <td>0.232622</td>\n",
       "      <td>0.038284</td>\n",
       "      <td>-0.157609</td>\n",
       "      <td>-0.131326</td>\n",
       "    </tr>\n",
       "    <tr>\n",
       "      <th>Temp</th>\n",
       "      <td>0.698541</td>\n",
       "      <td>0.275840</td>\n",
       "      <td>-0.453847</td>\n",
       "      <td>1.000000</td>\n",
       "      <td>0.380970</td>\n",
       "      <td>-0.131936</td>\n",
       "      <td>-0.633554</td>\n",
       "      <td>0.054409</td>\n",
       "      <td>0.326818</td>\n",
       "      <td>0.298509</td>\n",
       "    </tr>\n",
       "    <tr>\n",
       "      <th>Month</th>\n",
       "      <td>0.142885</td>\n",
       "      <td>-0.075301</td>\n",
       "      <td>-0.162253</td>\n",
       "      <td>0.380970</td>\n",
       "      <td>1.000000</td>\n",
       "      <td>-0.006977</td>\n",
       "      <td>-0.690119</td>\n",
       "      <td>-0.373376</td>\n",
       "      <td>-0.010165</td>\n",
       "      <td>0.338571</td>\n",
       "    </tr>\n",
       "    <tr>\n",
       "      <th>Day</th>\n",
       "      <td>-0.005190</td>\n",
       "      <td>-0.150275</td>\n",
       "      <td>0.025307</td>\n",
       "      <td>-0.131936</td>\n",
       "      <td>-0.006977</td>\n",
       "      <td>1.000000</td>\n",
       "      <td>0.023492</td>\n",
       "      <td>-0.036164</td>\n",
       "      <td>-0.007303</td>\n",
       "      <td>0.058650</td>\n",
       "    </tr>\n",
       "    <tr>\n",
       "      <th>Month_5</th>\n",
       "      <td>-0.284989</td>\n",
       "      <td>-0.024601</td>\n",
       "      <td>0.232622</td>\n",
       "      <td>-0.633554</td>\n",
       "      <td>-0.690119</td>\n",
       "      <td>0.023492</td>\n",
       "      <td>1.000000</td>\n",
       "      <td>-0.242237</td>\n",
       "      <td>-0.247309</td>\n",
       "      <td>-0.232031</td>\n",
       "    </tr>\n",
       "    <tr>\n",
       "      <th>Month_6</th>\n",
       "      <td>-0.113476</td>\n",
       "      <td>0.023998</td>\n",
       "      <td>0.038284</td>\n",
       "      <td>0.054409</td>\n",
       "      <td>-0.373376</td>\n",
       "      <td>-0.036164</td>\n",
       "      <td>-0.242237</td>\n",
       "      <td>1.000000</td>\n",
       "      <td>-0.264036</td>\n",
       "      <td>-0.247725</td>\n",
       "    </tr>\n",
       "    <tr>\n",
       "      <th>Month_7</th>\n",
       "      <td>0.284103</td>\n",
       "      <td>0.176744</td>\n",
       "      <td>-0.157609</td>\n",
       "      <td>0.326818</td>\n",
       "      <td>-0.010165</td>\n",
       "      <td>-0.007303</td>\n",
       "      <td>-0.247309</td>\n",
       "      <td>-0.264036</td>\n",
       "      <td>1.000000</td>\n",
       "      <td>-0.252912</td>\n",
       "    </tr>\n",
       "    <tr>\n",
       "      <th>Month_8</th>\n",
       "      <td>0.276269</td>\n",
       "      <td>-0.076390</td>\n",
       "      <td>-0.131326</td>\n",
       "      <td>0.298509</td>\n",
       "      <td>0.338571</td>\n",
       "      <td>0.058650</td>\n",
       "      <td>-0.232031</td>\n",
       "      <td>-0.247725</td>\n",
       "      <td>-0.252912</td>\n",
       "      <td>1.000000</td>\n",
       "    </tr>\n",
       "  </tbody>\n",
       "</table>\n",
       "</div>"
      ],
      "text/plain": [
       "            Ozone   Solar.R      Wind      Temp     Month       Day   Month_5  \\\n",
       "Ozone    1.000000  0.348342 -0.612497  0.698541  0.142885 -0.005190 -0.284989   \n",
       "Solar.R  0.348342  1.000000 -0.056792  0.275840 -0.075301 -0.150275 -0.024601   \n",
